{
 "cells": [
  {
   "cell_type": "code",
   "execution_count": 20,
   "metadata": {},
   "outputs": [
    {
     "name": "stdout",
     "output_type": "stream",
     "text": [
      "<class 'pandas.core.frame.DataFrame'>\n",
      "RangeIndex: 303 entries, 0 to 302\n",
      "Data columns (total 14 columns):\n",
      " #   Column    Non-Null Count  Dtype  \n",
      "---  ------    --------------  -----  \n",
      " 0   age       303 non-null    int64  \n",
      " 1   sex       303 non-null    int64  \n",
      " 2   cp        303 non-null    int64  \n",
      " 3   trtbps    303 non-null    int64  \n",
      " 4   chol      303 non-null    int64  \n",
      " 5   fbs       303 non-null    int64  \n",
      " 6   rest_ecg  303 non-null    int64  \n",
      " 7   thalachh  303 non-null    int64  \n",
      " 8   oldpeak   303 non-null    float64\n",
      " 9   slp       303 non-null    int64  \n",
      " 10  caa       303 non-null    int64  \n",
      " 11  thall     303 non-null    int64  \n",
      " 12  exng      303 non-null    int64  \n",
      " 13  output    303 non-null    int64  \n",
      "dtypes: float64(1), int64(13)\n",
      "memory usage: 33.3 KB\n"
     ]
    },
    {
     "data": {
      "application/vnd.plotly.v1+json": {
       "config": {
        "plotlyServerURL": "https://plot.ly"
       },
       "data": [
        {
         "coloraxis": "coloraxis",
         "hovertemplate": "x: %{x}<br>y: %{y}<br>color: %{z}<extra></extra>",
         "name": "0",
         "type": "heatmap",
         "x": [
          "age",
          "sex",
          "cp",
          "trtbps",
          "chol",
          "fbs",
          "rest_ecg",
          "thalachh",
          "oldpeak",
          "slp",
          "caa",
          "thall",
          "exng",
          "output"
         ],
         "xaxis": "x",
         "y": [
          "age",
          "sex",
          "cp",
          "trtbps",
          "chol",
          "fbs",
          "rest_ecg",
          "thalachh",
          "oldpeak",
          "slp",
          "caa",
          "thall",
          "exng",
          "output"
         ],
         "yaxis": "y",
         "z": [
          [
           1,
           -0.098446602474794,
           -0.06865301584014492,
           0.27935090656128797,
           0.2136779565595616,
           0.1213076480933746,
           -0.11621089815852972,
           -0.3985219381210674,
           0.21001256735867338,
           -0.16881423801209544,
           0.27632624401913874,
           0.06800137705465183,
           0.09680082645526793,
           -0.22543871587483721
          ],
          [
           -0.098446602474794,
           1,
           -0.049352875346989414,
           -0.05676882396964331,
           -0.19791217414110698,
           0.04503178919356029,
           -0.05819626770375464,
           -0.04401990776957473,
           0.09609287706773899,
           -0.030710567303172714,
           0.1182614133203602,
           0.21004109563720755,
           0.14166381099150582,
           -0.28093657550176687
          ],
          [
           -0.06865301584014492,
           -0.049352875346989414,
           1,
           0.047607760644648556,
           -0.07690439103320769,
           0.09444403499533141,
           0.04442059251016379,
           0.2957621245879106,
           -0.14923015809708087,
           0.11971658853470638,
           -0.18105302605349524,
           -0.16173557051002224,
           -0.394280268495022,
           0.43379826150689454
          ],
          [
           0.27935090656128797,
           -0.05676882396964331,
           0.047607760644648556,
           1,
           0.12317420653239088,
           0.17753054193446025,
           -0.11410278639187024,
           -0.04669772814795402,
           0.1932164724095366,
           -0.12147458192645003,
           0.10138898530055156,
           0.06220988763086129,
           0.06761611953876363,
           -0.14493112849775142
          ],
          [
           0.2136779565595616,
           -0.19791217414110698,
           -0.07690439103320769,
           0.12317420653239088,
           1,
           0.013293602251671617,
           -0.1510400783375123,
           -0.009939838642697995,
           0.0539519199869938,
           -0.004037770369683601,
           0.07051092522607601,
           0.0988029925001449,
           0.0670227825739424,
           -0.08523910513756892
          ],
          [
           0.1213076480933746,
           0.04503178919356029,
           0.09444403499533141,
           0.17753054193446025,
           0.013293602251671617,
           1,
           -0.08418905443102685,
           -0.008567107343486544,
           0.0057472234596443175,
           -0.059894178290418,
           0.13797932702785123,
           -0.03201933931349763,
           0.02566514720212616,
           -0.028045760272712814
          ],
          [
           -0.11621089815852972,
           -0.05819626770375464,
           0.04442059251016379,
           -0.11410278639187024,
           -0.1510400783375123,
           -0.08418905443102685,
           1,
           0.044123444085436794,
           -0.058770226319836964,
           0.09304482097448223,
           -0.07204243324692994,
           -0.011981404599806409,
           -0.07073285587236651,
           0.13722950287377297
          ],
          [
           -0.3985219381210674,
           -0.04401990776957473,
           0.2957621245879106,
           -0.04669772814795402,
           -0.009939838642697995,
           -0.008567107343486544,
           0.044123444085436794,
           1,
           -0.3441869479667153,
           0.3867844098148196,
           -0.21317692811538977,
           -0.09643913165982135,
           -0.3788120938514872,
           0.4217409338106746
          ],
          [
           0.21001256735867338,
           0.09609287706773899,
           -0.14923015809708087,
           0.1932164724095366,
           0.0539519199869938,
           0.0057472234596443175,
           -0.058770226319836964,
           -0.3441869479667153,
           1,
           -0.5775368167291413,
           0.22268232182782358,
           0.21024412598264855,
           0.28822280778276543,
           -0.4306960016873685
          ],
          [
           -0.16881423801209544,
           -0.030710567303172714,
           0.11971658853470638,
           -0.12147458192645003,
           -0.004037770369683601,
           -0.059894178290418,
           0.09304482097448223,
           0.3867844098148196,
           -0.5775368167291413,
           1,
           -0.08015521021463969,
           -0.1047637946214954,
           -0.2577483685301667,
           0.34587707824172503
          ],
          [
           0.27632624401913874,
           0.1182614133203602,
           -0.18105302605349524,
           0.10138898530055156,
           0.07051092522607601,
           0.13797932702785123,
           -0.07204243324692994,
           -0.21317692811538977,
           0.22268232182782358,
           -0.08015521021463969,
           1,
           0.15183212548208916,
           0.11573937807050608,
           -0.3917239923512523
          ],
          [
           0.06800137705465183,
           0.21004109563720755,
           -0.16173557051002224,
           0.06220988763086129,
           0.0988029925001449,
           -0.03201933931349763,
           -0.011981404599806409,
           -0.09643913165982135,
           0.21024412598264855,
           -0.1047637946214954,
           0.15183212548208916,
           1,
           0.2067537877395377,
           -0.34402926803830997
          ],
          [
           0.09680082645526793,
           0.14166381099150582,
           -0.394280268495022,
           0.06761611953876363,
           0.0670227825739424,
           0.02566514720212616,
           -0.07073285587236651,
           -0.3788120938514872,
           0.28822280778276543,
           -0.2577483685301667,
           0.11573937807050608,
           0.2067537877395377,
           1,
           -0.4367570833533029
          ],
          [
           -0.22543871587483721,
           -0.28093657550176687,
           0.43379826150689454,
           -0.14493112849775142,
           -0.08523910513756892,
           -0.028045760272712814,
           0.13722950287377297,
           0.4217409338106746,
           -0.4306960016873685,
           0.34587707824172503,
           -0.3917239923512523,
           -0.34402926803830997,
           -0.4367570833533029,
           1
          ]
         ]
        }
       ],
       "layout": {
        "coloraxis": {
         "colorscale": [
          [
           0,
           "#440154"
          ],
          [
           0.1111111111111111,
           "#482878"
          ],
          [
           0.2222222222222222,
           "#3e4989"
          ],
          [
           0.3333333333333333,
           "#31688e"
          ],
          [
           0.4444444444444444,
           "#26828e"
          ],
          [
           0.5555555555555556,
           "#1f9e89"
          ],
          [
           0.6666666666666666,
           "#35b779"
          ],
          [
           0.7777777777777778,
           "#6ece58"
          ],
          [
           0.8888888888888888,
           "#b5de2b"
          ],
          [
           1,
           "#fde725"
          ]
         ]
        },
        "template": {
         "data": {
          "bar": [
           {
            "error_x": {
             "color": "#2a3f5f"
            },
            "error_y": {
             "color": "#2a3f5f"
            },
            "marker": {
             "line": {
              "color": "#E5ECF6",
              "width": 0.5
             },
             "pattern": {
              "fillmode": "overlay",
              "size": 10,
              "solidity": 0.2
             }
            },
            "type": "bar"
           }
          ],
          "barpolar": [
           {
            "marker": {
             "line": {
              "color": "#E5ECF6",
              "width": 0.5
             },
             "pattern": {
              "fillmode": "overlay",
              "size": 10,
              "solidity": 0.2
             }
            },
            "type": "barpolar"
           }
          ],
          "carpet": [
           {
            "aaxis": {
             "endlinecolor": "#2a3f5f",
             "gridcolor": "white",
             "linecolor": "white",
             "minorgridcolor": "white",
             "startlinecolor": "#2a3f5f"
            },
            "baxis": {
             "endlinecolor": "#2a3f5f",
             "gridcolor": "white",
             "linecolor": "white",
             "minorgridcolor": "white",
             "startlinecolor": "#2a3f5f"
            },
            "type": "carpet"
           }
          ],
          "choropleth": [
           {
            "colorbar": {
             "outlinewidth": 0,
             "ticks": ""
            },
            "type": "choropleth"
           }
          ],
          "contour": [
           {
            "colorbar": {
             "outlinewidth": 0,
             "ticks": ""
            },
            "colorscale": [
             [
              0,
              "#0d0887"
             ],
             [
              0.1111111111111111,
              "#46039f"
             ],
             [
              0.2222222222222222,
              "#7201a8"
             ],
             [
              0.3333333333333333,
              "#9c179e"
             ],
             [
              0.4444444444444444,
              "#bd3786"
             ],
             [
              0.5555555555555556,
              "#d8576b"
             ],
             [
              0.6666666666666666,
              "#ed7953"
             ],
             [
              0.7777777777777778,
              "#fb9f3a"
             ],
             [
              0.8888888888888888,
              "#fdca26"
             ],
             [
              1,
              "#f0f921"
             ]
            ],
            "type": "contour"
           }
          ],
          "contourcarpet": [
           {
            "colorbar": {
             "outlinewidth": 0,
             "ticks": ""
            },
            "type": "contourcarpet"
           }
          ],
          "heatmap": [
           {
            "colorbar": {
             "outlinewidth": 0,
             "ticks": ""
            },
            "colorscale": [
             [
              0,
              "#0d0887"
             ],
             [
              0.1111111111111111,
              "#46039f"
             ],
             [
              0.2222222222222222,
              "#7201a8"
             ],
             [
              0.3333333333333333,
              "#9c179e"
             ],
             [
              0.4444444444444444,
              "#bd3786"
             ],
             [
              0.5555555555555556,
              "#d8576b"
             ],
             [
              0.6666666666666666,
              "#ed7953"
             ],
             [
              0.7777777777777778,
              "#fb9f3a"
             ],
             [
              0.8888888888888888,
              "#fdca26"
             ],
             [
              1,
              "#f0f921"
             ]
            ],
            "type": "heatmap"
           }
          ],
          "heatmapgl": [
           {
            "colorbar": {
             "outlinewidth": 0,
             "ticks": ""
            },
            "colorscale": [
             [
              0,
              "#0d0887"
             ],
             [
              0.1111111111111111,
              "#46039f"
             ],
             [
              0.2222222222222222,
              "#7201a8"
             ],
             [
              0.3333333333333333,
              "#9c179e"
             ],
             [
              0.4444444444444444,
              "#bd3786"
             ],
             [
              0.5555555555555556,
              "#d8576b"
             ],
             [
              0.6666666666666666,
              "#ed7953"
             ],
             [
              0.7777777777777778,
              "#fb9f3a"
             ],
             [
              0.8888888888888888,
              "#fdca26"
             ],
             [
              1,
              "#f0f921"
             ]
            ],
            "type": "heatmapgl"
           }
          ],
          "histogram": [
           {
            "marker": {
             "pattern": {
              "fillmode": "overlay",
              "size": 10,
              "solidity": 0.2
             }
            },
            "type": "histogram"
           }
          ],
          "histogram2d": [
           {
            "colorbar": {
             "outlinewidth": 0,
             "ticks": ""
            },
            "colorscale": [
             [
              0,
              "#0d0887"
             ],
             [
              0.1111111111111111,
              "#46039f"
             ],
             [
              0.2222222222222222,
              "#7201a8"
             ],
             [
              0.3333333333333333,
              "#9c179e"
             ],
             [
              0.4444444444444444,
              "#bd3786"
             ],
             [
              0.5555555555555556,
              "#d8576b"
             ],
             [
              0.6666666666666666,
              "#ed7953"
             ],
             [
              0.7777777777777778,
              "#fb9f3a"
             ],
             [
              0.8888888888888888,
              "#fdca26"
             ],
             [
              1,
              "#f0f921"
             ]
            ],
            "type": "histogram2d"
           }
          ],
          "histogram2dcontour": [
           {
            "colorbar": {
             "outlinewidth": 0,
             "ticks": ""
            },
            "colorscale": [
             [
              0,
              "#0d0887"
             ],
             [
              0.1111111111111111,
              "#46039f"
             ],
             [
              0.2222222222222222,
              "#7201a8"
             ],
             [
              0.3333333333333333,
              "#9c179e"
             ],
             [
              0.4444444444444444,
              "#bd3786"
             ],
             [
              0.5555555555555556,
              "#d8576b"
             ],
             [
              0.6666666666666666,
              "#ed7953"
             ],
             [
              0.7777777777777778,
              "#fb9f3a"
             ],
             [
              0.8888888888888888,
              "#fdca26"
             ],
             [
              1,
              "#f0f921"
             ]
            ],
            "type": "histogram2dcontour"
           }
          ],
          "mesh3d": [
           {
            "colorbar": {
             "outlinewidth": 0,
             "ticks": ""
            },
            "type": "mesh3d"
           }
          ],
          "parcoords": [
           {
            "line": {
             "colorbar": {
              "outlinewidth": 0,
              "ticks": ""
             }
            },
            "type": "parcoords"
           }
          ],
          "pie": [
           {
            "automargin": true,
            "type": "pie"
           }
          ],
          "scatter": [
           {
            "fillpattern": {
             "fillmode": "overlay",
             "size": 10,
             "solidity": 0.2
            },
            "type": "scatter"
           }
          ],
          "scatter3d": [
           {
            "line": {
             "colorbar": {
              "outlinewidth": 0,
              "ticks": ""
             }
            },
            "marker": {
             "colorbar": {
              "outlinewidth": 0,
              "ticks": ""
             }
            },
            "type": "scatter3d"
           }
          ],
          "scattercarpet": [
           {
            "marker": {
             "colorbar": {
              "outlinewidth": 0,
              "ticks": ""
             }
            },
            "type": "scattercarpet"
           }
          ],
          "scattergeo": [
           {
            "marker": {
             "colorbar": {
              "outlinewidth": 0,
              "ticks": ""
             }
            },
            "type": "scattergeo"
           }
          ],
          "scattergl": [
           {
            "marker": {
             "colorbar": {
              "outlinewidth": 0,
              "ticks": ""
             }
            },
            "type": "scattergl"
           }
          ],
          "scattermapbox": [
           {
            "marker": {
             "colorbar": {
              "outlinewidth": 0,
              "ticks": ""
             }
            },
            "type": "scattermapbox"
           }
          ],
          "scatterpolar": [
           {
            "marker": {
             "colorbar": {
              "outlinewidth": 0,
              "ticks": ""
             }
            },
            "type": "scatterpolar"
           }
          ],
          "scatterpolargl": [
           {
            "marker": {
             "colorbar": {
              "outlinewidth": 0,
              "ticks": ""
             }
            },
            "type": "scatterpolargl"
           }
          ],
          "scatterternary": [
           {
            "marker": {
             "colorbar": {
              "outlinewidth": 0,
              "ticks": ""
             }
            },
            "type": "scatterternary"
           }
          ],
          "surface": [
           {
            "colorbar": {
             "outlinewidth": 0,
             "ticks": ""
            },
            "colorscale": [
             [
              0,
              "#0d0887"
             ],
             [
              0.1111111111111111,
              "#46039f"
             ],
             [
              0.2222222222222222,
              "#7201a8"
             ],
             [
              0.3333333333333333,
              "#9c179e"
             ],
             [
              0.4444444444444444,
              "#bd3786"
             ],
             [
              0.5555555555555556,
              "#d8576b"
             ],
             [
              0.6666666666666666,
              "#ed7953"
             ],
             [
              0.7777777777777778,
              "#fb9f3a"
             ],
             [
              0.8888888888888888,
              "#fdca26"
             ],
             [
              1,
              "#f0f921"
             ]
            ],
            "type": "surface"
           }
          ],
          "table": [
           {
            "cells": {
             "fill": {
              "color": "#EBF0F8"
             },
             "line": {
              "color": "white"
             }
            },
            "header": {
             "fill": {
              "color": "#C8D4E3"
             },
             "line": {
              "color": "white"
             }
            },
            "type": "table"
           }
          ]
         },
         "layout": {
          "annotationdefaults": {
           "arrowcolor": "#2a3f5f",
           "arrowhead": 0,
           "arrowwidth": 1
          },
          "autotypenumbers": "strict",
          "coloraxis": {
           "colorbar": {
            "outlinewidth": 0,
            "ticks": ""
           }
          },
          "colorscale": {
           "diverging": [
            [
             0,
             "#8e0152"
            ],
            [
             0.1,
             "#c51b7d"
            ],
            [
             0.2,
             "#de77ae"
            ],
            [
             0.3,
             "#f1b6da"
            ],
            [
             0.4,
             "#fde0ef"
            ],
            [
             0.5,
             "#f7f7f7"
            ],
            [
             0.6,
             "#e6f5d0"
            ],
            [
             0.7,
             "#b8e186"
            ],
            [
             0.8,
             "#7fbc41"
            ],
            [
             0.9,
             "#4d9221"
            ],
            [
             1,
             "#276419"
            ]
           ],
           "sequential": [
            [
             0,
             "#0d0887"
            ],
            [
             0.1111111111111111,
             "#46039f"
            ],
            [
             0.2222222222222222,
             "#7201a8"
            ],
            [
             0.3333333333333333,
             "#9c179e"
            ],
            [
             0.4444444444444444,
             "#bd3786"
            ],
            [
             0.5555555555555556,
             "#d8576b"
            ],
            [
             0.6666666666666666,
             "#ed7953"
            ],
            [
             0.7777777777777778,
             "#fb9f3a"
            ],
            [
             0.8888888888888888,
             "#fdca26"
            ],
            [
             1,
             "#f0f921"
            ]
           ],
           "sequentialminus": [
            [
             0,
             "#0d0887"
            ],
            [
             0.1111111111111111,
             "#46039f"
            ],
            [
             0.2222222222222222,
             "#7201a8"
            ],
            [
             0.3333333333333333,
             "#9c179e"
            ],
            [
             0.4444444444444444,
             "#bd3786"
            ],
            [
             0.5555555555555556,
             "#d8576b"
            ],
            [
             0.6666666666666666,
             "#ed7953"
            ],
            [
             0.7777777777777778,
             "#fb9f3a"
            ],
            [
             0.8888888888888888,
             "#fdca26"
            ],
            [
             1,
             "#f0f921"
            ]
           ]
          },
          "colorway": [
           "#636efa",
           "#EF553B",
           "#00cc96",
           "#ab63fa",
           "#FFA15A",
           "#19d3f3",
           "#FF6692",
           "#B6E880",
           "#FF97FF",
           "#FECB52"
          ],
          "font": {
           "color": "#2a3f5f"
          },
          "geo": {
           "bgcolor": "white",
           "lakecolor": "white",
           "landcolor": "#E5ECF6",
           "showlakes": true,
           "showland": true,
           "subunitcolor": "white"
          },
          "hoverlabel": {
           "align": "left"
          },
          "hovermode": "closest",
          "mapbox": {
           "style": "light"
          },
          "paper_bgcolor": "white",
          "plot_bgcolor": "#E5ECF6",
          "polar": {
           "angularaxis": {
            "gridcolor": "white",
            "linecolor": "white",
            "ticks": ""
           },
           "bgcolor": "#E5ECF6",
           "radialaxis": {
            "gridcolor": "white",
            "linecolor": "white",
            "ticks": ""
           }
          },
          "scene": {
           "xaxis": {
            "backgroundcolor": "#E5ECF6",
            "gridcolor": "white",
            "gridwidth": 2,
            "linecolor": "white",
            "showbackground": true,
            "ticks": "",
            "zerolinecolor": "white"
           },
           "yaxis": {
            "backgroundcolor": "#E5ECF6",
            "gridcolor": "white",
            "gridwidth": 2,
            "linecolor": "white",
            "showbackground": true,
            "ticks": "",
            "zerolinecolor": "white"
           },
           "zaxis": {
            "backgroundcolor": "#E5ECF6",
            "gridcolor": "white",
            "gridwidth": 2,
            "linecolor": "white",
            "showbackground": true,
            "ticks": "",
            "zerolinecolor": "white"
           }
          },
          "shapedefaults": {
           "line": {
            "color": "#2a3f5f"
           }
          },
          "ternary": {
           "aaxis": {
            "gridcolor": "white",
            "linecolor": "white",
            "ticks": ""
           },
           "baxis": {
            "gridcolor": "white",
            "linecolor": "white",
            "ticks": ""
           },
           "bgcolor": "#E5ECF6",
           "caxis": {
            "gridcolor": "white",
            "linecolor": "white",
            "ticks": ""
           }
          },
          "title": {
           "x": 0.05
          },
          "xaxis": {
           "automargin": true,
           "gridcolor": "white",
           "linecolor": "white",
           "ticks": "",
           "title": {
            "standoff": 15
           },
           "zerolinecolor": "white",
           "zerolinewidth": 2
          },
          "yaxis": {
           "automargin": true,
           "gridcolor": "white",
           "linecolor": "white",
           "ticks": "",
           "title": {
            "standoff": 15
           },
           "zerolinecolor": "white",
           "zerolinewidth": 2
          }
         }
        },
        "title": {
         "text": "Correlation Matrix"
        },
        "xaxis": {
         "anchor": "y",
         "constrain": "domain",
         "domain": [
          0,
          1
         ],
         "scaleanchor": "y"
        },
        "yaxis": {
         "anchor": "x",
         "autorange": "reversed",
         "constrain": "domain",
         "domain": [
          0,
          1
         ]
        }
       }
      }
     },
     "metadata": {},
     "output_type": "display_data"
    },
    {
     "name": "stdout",
     "output_type": "stream",
     "text": [
      "               age       sex        cp    trtbps      chol       fbs  rest_ecg  thalachh   oldpeak       slp       caa     thall      exng    output\n",
      "age       1.000000 -0.098447 -0.068653  0.279351  0.213678  0.121308 -0.116211 -0.398522  0.210013 -0.168814  0.276326  0.068001  0.096801 -0.225439\n",
      "sex      -0.098447  1.000000 -0.049353 -0.056769 -0.197912  0.045032 -0.058196 -0.044020  0.096093 -0.030711  0.118261  0.210041  0.141664 -0.280937\n",
      "cp       -0.068653 -0.049353  1.000000  0.047608 -0.076904  0.094444  0.044421  0.295762 -0.149230  0.119717 -0.181053 -0.161736 -0.394280  0.433798\n",
      "trtbps    0.279351 -0.056769  0.047608  1.000000  0.123174  0.177531 -0.114103 -0.046698  0.193216 -0.121475  0.101389  0.062210  0.067616 -0.144931\n",
      "chol      0.213678 -0.197912 -0.076904  0.123174  1.000000  0.013294 -0.151040 -0.009940  0.053952 -0.004038  0.070511  0.098803  0.067023 -0.085239\n",
      "fbs       0.121308  0.045032  0.094444  0.177531  0.013294  1.000000 -0.084189 -0.008567  0.005747 -0.059894  0.137979 -0.032019  0.025665 -0.028046\n",
      "rest_ecg -0.116211 -0.058196  0.044421 -0.114103 -0.151040 -0.084189  1.000000  0.044123 -0.058770  0.093045 -0.072042 -0.011981 -0.070733  0.137230\n",
      "thalachh -0.398522 -0.044020  0.295762 -0.046698 -0.009940 -0.008567  0.044123  1.000000 -0.344187  0.386784 -0.213177 -0.096439 -0.378812  0.421741\n",
      "oldpeak   0.210013  0.096093 -0.149230  0.193216  0.053952  0.005747 -0.058770 -0.344187  1.000000 -0.577537  0.222682  0.210244  0.288223 -0.430696\n",
      "slp      -0.168814 -0.030711  0.119717 -0.121475 -0.004038 -0.059894  0.093045  0.386784 -0.577537  1.000000 -0.080155 -0.104764 -0.257748  0.345877\n",
      "caa       0.276326  0.118261 -0.181053  0.101389  0.070511  0.137979 -0.072042 -0.213177  0.222682 -0.080155  1.000000  0.151832  0.115739 -0.391724\n",
      "thall     0.068001  0.210041 -0.161736  0.062210  0.098803 -0.032019 -0.011981 -0.096439  0.210244 -0.104764  0.151832  1.000000  0.206754 -0.344029\n",
      "exng      0.096801  0.141664 -0.394280  0.067616  0.067023  0.025665 -0.070733 -0.378812  0.288223 -0.257748  0.115739  0.206754  1.000000 -0.436757\n",
      "output   -0.225439 -0.280937  0.433798 -0.144931 -0.085239 -0.028046  0.137230  0.421741 -0.430696  0.345877 -0.391724 -0.344029 -0.436757  1.000000\n"
     ]
    },
    {
     "data": {
